296.56,73.743,355.92,73.521,356.77,301.33,297.41,301.55
295.0,73.0,355.0,73.0,355.0,301.0,295.0,301.0
295.0,73.0,355.0,73.0,355.0,301.0,295.0,301.0
294.0,73.0,354.0,73.0,354.0,301.0,294.0,301.0
293.0,75.0,353.0,75.0,353.0,303.0,293.0,303.0
293.0,75.0,353.0,75.0,353.0,303.0,293.0,303.0
290.0,75.0,350.0,75.0,350.0,303.0,290.0,303.0
287.0,78.0,347.0,78.0,347.0,306.0,287.0,306.0
287.0,77.0,347.0,77.0,347.0,305.0,287.0,305.0
284.0,79.0,344.0,79.0,344.0,307.0,284.0,307.0
280.0,80.0,340.0,80.0,340.0,308.0,280.0,308.0
280.0,80.0,340.0,80.0,340.0,308.0,280.0,308.0
280.0,80.0,340.0,80.0,340.0,308.0,280.0,308.0
284.0,84.0,344.0,84.0,344.0,312.0,284.0,312.0
284.0,84.0,344.0,84.0,344.0,312.0,284.0,312.0
283.0,85.0,343.0,85.0,343.0,313.0,283.0,313.0
282.0,91.0,342.0,91.0,342.0,319.0,282.0,319.0
282.0,90.0,342.0,90.0,342.0,318.0,282.0,318.0
282.0,94.0,342.0,94.0,342.0,322.0,282.0,322.0
281.0,97.0,341.0,97.0,341.0,325.0,281.0,325.0
273.0,90.0,333.0,90.0,333.0,318.0,273.0,318.0
276.0,90.0,336.0,90.0,336.0,318.0,276.0,318.0
275.0,91.0,335.0,91.0,335.0,319.0,275.0,319.0
284.0,91.0,344.0,91.0,344.0,319.0,284.0,319.0
285.0,92.0,345.0,92.0,345.0,320.0,285.0,320.0
286.0,90.0,346.0,90.0,346.0,318.0,286.0,318.0
279.0,88.0,339.0,88.0,339.0,316.0,279.0,316.0
279.0,87.0,339.0,87.0,339.0,315.0,279.0,315.0
279.0,83.0,339.0,83.0,339.0,311.0,279.0,311.0
280.0,81.0,340.0,81.0,340.0,309.0,280.0,309.0
282.0,83.0,342.0,83.0,342.0,311.0,282.0,311.0
283.0,80.0,343.0,80.0,343.0,308.0,283.0,308.0
286.0,82.0,346.0,82.0,346.0,310.0,286.0,310.0
284.0,81.0,344.0,81.0,344.0,309.0,284.0,309.0
287.0,81.0,347.0,81.0,347.0,309.0,287.0,309.0
285.0,86.0,345.0,86.0,345.0,314.0,285.0,314.0
286.0,85.0,346.0,85.0,346.0,313.0,286.0,313.0
285.0,86.0,345.0,86.0,345.0,314.0,285.0,314.0
293.0,90.0,353.0,90.0,353.0,318.0,293.0,318.0
291.0,91.0,351.0,91.0,351.0,319.0,291.0,319.0
296.0,88.0,356.0,88.0,356.0,316.0,296.0,316.0
305.0,88.0,365.0,88.0,365.0,316.0,305.0,316.0
306.0,85.0,366.0,85.0,366.0,313.0,306.0,313.0
308.0,87.0,368.0,87.0,368.0,315.0,308.0,315.0
320.0,77.0,380.0,77.0,380.0,305.0,320.0,305.0
328.0,74.0,388.0,74.0,388.0,302.0,328.0,302.0
329.0,75.0,389.0,75.0,389.0,303.0,329.0,303.0
331.0,66.0,391.0,66.0,391.0,294.0,331.0,294.0
331.0,66.0,391.0,66.0,391.0,294.0,331.0,294.0
330.0,63.0,390.0,63.0,390.0,291.0,330.0,291.0
325.0,58.0,385.0,58.0,385.0,286.0,325.0,286.0
325.0,58.0,385.0,58.0,385.0,286.0,325.0,286.0
324.0,57.0,384.0,57.0,384.0,285.0,324.0,285.0
315.0,57.0,375.0,57.0,375.0,285.0,315.0,285.0
315.0,58.0,375.0,58.0,375.0,286.0,315.0,286.0
312.0,62.0,372.0,62.0,372.0,290.0,312.0,290.0
303.0,69.0,363.0,69.0,363.0,297.0,303.0,297.0
303.0,71.0,363.0,71.0,363.0,299.0,303.0,299.0
302.0,75.0,362.0,75.0,362.0,303.0,302.0,303.0
301.0,77.0,361.0,77.0,361.0,305.0,301.0,305.0
296.0,75.0,356.0,75.0,356.0,303.0,296.0,303.0
296.0,75.0,356.0,75.0,356.0,303.0,296.0,303.0
303.0,72.0,363.0,72.0,363.0,300.0,303.0,300.0
303.0,74.0,363.0,74.0,363.0,302.0,303.0,302.0
312.0,79.0,372.0,79.0,372.0,307.0,312.0,307.0
316.0,77.0,376.0,77.0,376.0,305.0,316.0,305.0
317.0,75.0,377.0,75.0,377.0,303.0,317.0,303.0
316.0,74.0,376.0,74.0,376.0,302.0,316.0,302.0
313.0,75.0,373.0,75.0,373.0,303.0,313.0,303.0
313.0,75.0,373.0,75.0,373.0,303.0,313.0,303.0
311.0,74.0,371.0,74.0,371.0,302.0,311.0,302.0
305.0,78.0,365.0,78.0,365.0,306.0,305.0,306.0
306.0,75.0,366.0,75.0,366.0,303.0,306.0,303.0
301.0,72.0,361.0,72.0,361.0,300.0,301.0,300.0
296.0,77.0,356.0,77.0,356.0,305.0,296.0,305.0
296.0,77.0,356.0,77.0,356.0,305.0,296.0,305.0
290.0,67.0,350.0,67.0,350.0,295.0,290.0,295.0
293.0,75.0,353.0,75.0,353.0,303.0,293.0,303.0
294.0,77.0,354.0,77.0,354.0,305.0,294.0,305.0
293.0,77.0,353.0,77.0,353.0,305.0,293.0,305.0
289.0,78.0,349.0,78.0,349.0,306.0,289.0,306.0
288.0,78.0,348.0,78.0,348.0,306.0,288.0,306.0
290.0,79.0,350.0,79.0,350.0,307.0,290.0,307.0
287.0,79.0,347.0,79.0,347.0,307.0,287.0,307.0
287.0,80.0,347.0,80.0,347.0,308.0,287.0,308.0
287.0,81.0,347.0,81.0,347.0,309.0,287.0,309.0
304.0,79.0,364.0,79.0,364.0,307.0,304.0,307.0
303.0,79.0,363.0,79.0,363.0,307.0,303.0,307.0
300.0,79.0,360.0,79.0,360.0,307.0,300.0,307.0
308.0,75.0,368.0,75.0,368.0,303.0,308.0,303.0
308.0,77.0,368.0,77.0,368.0,305.0,308.0,305.0
306.0,76.0,366.0,76.0,366.0,304.0,306.0,304.0
306.0,73.0,366.0,73.0,366.0,301.0,306.0,301.0
307.0,74.0,367.0,74.0,367.0,302.0,307.0,302.0
310.0,71.0,370.0,71.0,370.0,299.0,310.0,299.0
310.0,70.0,370.0,70.0,370.0,298.0,310.0,298.0
310.0,69.0,370.0,69.0,370.0,297.0,310.0,297.0
310.0,68.0,370.0,68.0,370.0,296.0,310.0,296.0
306.0,64.0,366.0,64.0,366.0,292.0,306.0,292.0
306.0,65.0,366.0,65.0,366.0,293.0,306.0,293.0
304.0,65.0,364.0,65.0,364.0,293.0,304.0,293.0
297.0,67.0,357.0,67.0,357.0,295.0,297.0,295.0
296.0,67.0,356.0,67.0,356.0,295.0,296.0,295.0
293.0,67.0,353.0,67.0,353.0,295.0,293.0,295.0
284.0,64.0,344.0,64.0,344.0,292.0,284.0,292.0
283.0,65.0,343.0,65.0,343.0,293.0,283.0,293.0
279.0,62.0,339.0,62.0,339.0,290.0,279.0,290.0
275.0,64.0,335.0,64.0,335.0,292.0,275.0,292.0
278.0,64.0,338.0,64.0,338.0,292.0,278.0,292.0
279.0,66.0,339.0,66.0,339.0,294.0,279.0,294.0
276.0,63.0,336.0,63.0,336.0,291.0,276.0,291.0
276.0,63.0,336.0,63.0,336.0,291.0,276.0,291.0
274.0,63.0,334.0,63.0,334.0,291.0,274.0,291.0
269.0,59.0,329.0,59.0,329.0,287.0,269.0,287.0
269.0,59.0,329.0,59.0,329.0,287.0,269.0,287.0
266.0,58.0,326.0,58.0,326.0,286.0,266.0,286.0
253.0,56.0,313.0,56.0,313.0,284.0,253.0,284.0
256.0,55.0,316.0,55.0,316.0,283.0,256.0,283.0
252.0,56.0,312.0,56.0,312.0,284.0,252.0,284.0
250.0,52.0,310.0,52.0,310.0,280.0,250.0,280.0
251.0,53.0,311.0,53.0,311.0,281.0,251.0,281.0
251.0,52.0,311.0,52.0,311.0,280.0,251.0,280.0
256.0,54.0,316.0,54.0,316.0,282.0,256.0,282.0
257.0,55.0,317.0,55.0,317.0,283.0,257.0,283.0
260.0,53.0,320.0,53.0,320.0,281.0,260.0,281.0
269.0,53.0,329.0,53.0,329.0,281.0,269.0,281.0
270.0,52.0,330.0,52.0,330.0,280.0,270.0,280.0
276.0,53.0,336.0,53.0,336.0,281.0,276.0,281.0
284.0,51.0,344.0,51.0,344.0,279.0,284.0,279.0
284.0,51.0,344.0,51.0,344.0,279.0,284.0,279.0
289.0,52.0,349.0,52.0,349.0,280.0,289.0,280.0
293.0,53.0,353.0,53.0,353.0,281.0,293.0,281.0
294.0,54.0,354.0,54.0,354.0,282.0,294.0,282.0
293.0,55.0,353.0,55.0,353.0,283.0,293.0,283.0
290.0,55.0,350.0,55.0,350.0,283.0,290.0,283.0
292.0,55.0,352.0,55.0,352.0,283.0,292.0,283.0
290.0,55.0,350.0,55.0,350.0,283.0,290.0,283.0
286.0,57.0,346.0,57.0,346.0,285.0,286.0,285.0
287.0,55.0,347.0,55.0,347.0,283.0,287.0,283.0
286.0,55.0,346.0,55.0,346.0,283.0,286.0,283.0
287.0,56.0,347.0,56.0,347.0,284.0,287.0,284.0
287.0,56.0,347.0,56.0,347.0,284.0,287.0,284.0
288.0,56.0,348.0,56.0,348.0,284.0,288.0,284.0
291.0,55.0,351.0,55.0,351.0,283.0,291.0,283.0
291.0,55.0,351.0,55.0,351.0,283.0,291.0,283.0
293.0,55.0,353.0,55.0,353.0,283.0,293.0,283.0
296.0,52.0,356.0,52.0,356.0,280.0,296.0,280.0
298.0,53.0,358.0,53.0,358.0,281.0,298.0,281.0
299.0,51.0,359.0,51.0,359.0,279.0,299.0,279.0
300.0,49.0,360.0,49.0,360.0,277.0,300.0,277.0
300.0,49.0,360.0,49.0,360.0,277.0,300.0,277.0
299.0,48.0,359.0,48.0,359.0,276.0,299.0,276.0
299.0,43.0,359.0,43.0,359.0,271.0,299.0,271.0
300.0,43.0,360.0,43.0,360.0,271.0,300.0,271.0
298.0,42.0,358.0,42.0,358.0,270.0,298.0,270.0
291.0,32.0,351.0,32.0,351.0,260.0,291.0,260.0
292.0,33.0,352.0,33.0,352.0,261.0,292.0,261.0
289.0,32.0,349.0,32.0,349.0,260.0,289.0,260.0
280.0,29.0,340.0,29.0,340.0,257.0,280.0,257.0
280.0,29.0,340.0,29.0,340.0,257.0,280.0,257.0
280.0,28.0,340.0,28.0,340.0,256.0,280.0,256.0
274.0,27.0,334.0,27.0,334.0,255.0,274.0,255.0
274.0,27.0,334.0,27.0,334.0,255.0,274.0,255.0
275.0,27.0,335.0,27.0,335.0,255.0,275.0,255.0
276.0,30.0,336.0,30.0,336.0,258.0,276.0,258.0
275.0,31.0,335.0,31.0,335.0,259.0,275.0,259.0
275.0,36.0,335.0,36.0,335.0,264.0,275.0,264.0
278.0,37.0,338.0,37.0,338.0,265.0,278.0,265.0
278.0,38.0,338.0,38.0,338.0,266.0,278.0,266.0
280.0,39.0,340.0,39.0,340.0,267.0,280.0,267.0
284.0,41.0,344.0,41.0,344.0,269.0,284.0,269.0
284.0,40.0,344.0,40.0,344.0,268.0,284.0,268.0
284.0,41.0,344.0,41.0,344.0,269.0,284.0,269.0
289.0,41.0,349.0,41.0,349.0,269.0,289.0,269.0
290.0,39.0,350.0,39.0,350.0,267.0,290.0,267.0
292.0,40.0,352.0,40.0,352.0,268.0,292.0,268.0
297.0,40.0,357.0,40.0,357.0,268.0,297.0,268.0
297.0,40.0,357.0,40.0,357.0,268.0,297.0,268.0
302.0,40.0,362.0,40.0,362.0,268.0,302.0,268.0
308.0,38.0,368.0,38.0,368.0,266.0,308.0,266.0
308.0,39.0,368.0,39.0,368.0,267.0,308.0,267.0
313.0,39.0,373.0,39.0,373.0,267.0,313.0,267.0
315.0,44.0,375.0,44.0,375.0,272.0,315.0,272.0
314.0,42.0,374.0,42.0,374.0,270.0,314.0,270.0
316.0,45.0,376.0,45.0,376.0,273.0,316.0,273.0
319.0,43.0,379.0,43.0,379.0,271.0,319.0,271.0
321.0,44.0,381.0,44.0,381.0,272.0,321.0,272.0
323.0,44.0,383.0,44.0,383.0,272.0,323.0,272.0
327.0,44.0,387.0,44.0,387.0,272.0,327.0,272.0
327.0,44.0,387.0,44.0,387.0,272.0,327.0,272.0
329.0,45.0,389.0,45.0,389.0,273.0,329.0,273.0
331.0,49.0,391.0,49.0,391.0,277.0,331.0,277.0
332.0,47.0,392.0,47.0,392.0,275.0,332.0,275.0
334.0,50.0,394.0,50.0,394.0,278.0,334.0,278.0
331.0,50.0,391.0,50.0,391.0,278.0,331.0,278.0
331.0,50.0,391.0,50.0,391.0,278.0,331.0,278.0
331.0,51.0,391.0,51.0,391.0,279.0,331.0,279.0
331.0,49.0,391.0,49.0,391.0,277.0,331.0,277.0
331.0,50.0,391.0,50.0,391.0,278.0,331.0,278.0
330.0,48.0,390.0,48.0,390.0,276.0,330.0,276.0
331.0,43.0,391.0,43.0,391.0,271.0,331.0,271.0
331.0,43.0,391.0,43.0,391.0,271.0,331.0,271.0
331.0,41.0,391.0,41.0,391.0,269.0,331.0,269.0
331.0,36.0,391.0,36.0,391.0,264.0,331.0,264.0
330.0,36.0,390.0,36.0,390.0,264.0,330.0,264.0
330.0,32.0,390.0,32.0,390.0,260.0,330.0,260.0
327.0,43.0,387.0,43.0,387.0,271.0,327.0,271.0
327.0,37.0,387.0,37.0,387.0,265.0,327.0,265.0
325.0,33.0,385.0,33.0,385.0,261.0,325.0,261.0
332.0,23.0,392.0,23.0,392.0,251.0,332.0,251.0
327.0,12.0,387.0,12.0,387.0,240.0,327.0,240.0
325.0,13.0,385.0,13.0,385.0,241.0,325.0,241.0
329.0,13.0,389.0,13.0,389.0,241.0,329.0,241.0
325.0,5.0,385.0,5.0,385.0,233.0,325.0,233.0
325.0,4.0,385.0,4.0,385.0,232.0,325.0,232.0
323.0,4.0,383.0,4.0,383.0,232.0,323.0,232.0
323.0,3.0,383.0,3.0,383.0,231.0,323.0,231.0
320.0,0.0,380.0,0.0,380.0,228.0,320.0,228.0
324.0,0.0,384.0,0.0,384.0,228.0,324.0,228.0
323.0,0.0,383.0,0.0,383.0,228.0,323.0,228.0
324.0,0.0,384.0,0.0,384.0,228.0,324.0,228.0
319.0,0.0,379.0,0.0,379.0,228.0,319.0,228.0
320.0,0.0,380.0,0.0,380.0,228.0,320.0,228.0
319.0,0.0,379.0,0.0,379.0,228.0,319.0,228.0
321.0,0.0,381.0,0.0,381.0,228.0,321.0,228.0
320.0,0.0,380.0,0.0,380.0,228.0,320.0,228.0
321.0,0.0,381.0,0.0,381.0,228.0,321.0,228.0
306.0,14.0,366.0,14.0,366.0,242.0,306.0,242.0
306.0,14.0,366.0,14.0,366.0,242.0,306.0,242.0
305.0,15.0,365.0,15.0,365.0,243.0,305.0,243.0
307.0,8.0,367.0,8.0,367.0,236.0,307.0,236.0
308.0,8.0,368.0,8.0,368.0,236.0,308.0,236.0
311.0,7.0,371.0,7.0,371.0,235.0,311.0,235.0
313.0,8.0,373.0,8.0,373.0,236.0,313.0,236.0
316.0,6.0,376.0,6.0,376.0,234.0,316.0,234.0
320.0,5.0,380.0,5.0,380.0,233.0,320.0,233.0
326.0,3.0,386.0,3.0,386.0,231.0,326.0,231.0
326.0,2.0,386.0,2.0,386.0,230.0,326.0,230.0
328.0,3.0,388.0,3.0,388.0,231.0,328.0,231.0
325.0,4.0,385.0,4.0,385.0,232.0,325.0,232.0
325.0,5.0,385.0,5.0,385.0,233.0,325.0,233.0
324.0,2.0,384.0,2.0,384.0,230.0,324.0,230.0
314.0,2.0,374.0,2.0,374.0,230.0,314.0,230.0
315.0,0.0,375.0,0.0,375.0,228.0,315.0,228.0
315.0,0.0,375.0,0.0,375.0,228.0,315.0,228.0
316.0,7.0,376.0,7.0,376.0,235.0,316.0,235.0
316.0,6.0,376.0,6.0,376.0,234.0,316.0,234.0
327.0,7.0,387.0,7.0,387.0,235.0,327.0,235.0
335.0,7.0,395.0,7.0,395.0,235.0,335.0,235.0
336.0,7.0,396.0,7.0,396.0,235.0,336.0,235.0
335.0,10.0,395.0,10.0,395.0,238.0,335.0,238.0
334.0,10.0,394.0,10.0,394.0,238.0,334.0,238.0
333.0,10.0,393.0,10.0,393.0,238.0,333.0,238.0
333.0,10.0,393.0,10.0,393.0,238.0,333.0,238.0
341.0,4.0,401.0,4.0,401.0,232.0,341.0,232.0
338.0,2.0,398.0,2.0,398.0,230.0,338.0,230.0
340.0,2.0,400.0,2.0,400.0,230.0,340.0,230.0
341.0,0.0,401.0,0.0,401.0,228.0,341.0,228.0
341.0,0.0,401.0,0.0,401.0,228.0,341.0,228.0
340.0,0.0,400.0,0.0,400.0,228.0,340.0,228.0
339.0,1.0,399.0,1.0,399.0,229.0,339.0,229.0
340.0,1.0,400.0,1.0,400.0,229.0,340.0,229.0
342.0,2.0,402.0,2.0,402.0,230.0,342.0,230.0
347.0,1.0,407.0,1.0,407.0,229.0,347.0,229.0
345.0,0.0,405.0,0.0,405.0,228.0,345.0,228.0
345.0,1.0,405.0,1.0,405.0,229.0,345.0,229.0
344.0,0.0,404.0,0.0,404.0,228.0,344.0,228.0
343.0,3.0,403.0,3.0,403.0,231.0,343.0,231.0
342.0,1.0,402.0,1.0,402.0,229.0,342.0,229.0
340.0,0.0,400.0,0.0,400.0,228.0,340.0,228.0
363.0,0.0,423.0,0.0,423.0,228.0,363.0,228.0
363.0,1.0,423.0,1.0,423.0,229.0,363.0,229.0
364.0,1.0,424.0,1.0,424.0,229.0,364.0,229.0
364.0,1.0,424.0,1.0,424.0,229.0,364.0,229.0
364.0,0.0,424.0,0.0,424.0,228.0,364.0,228.0
364.0,1.0,424.0,1.0,424.0,229.0,364.0,229.0
366.0,0.0,426.0,0.0,426.0,228.0,366.0,228.0
366.0,1.0,426.0,1.0,426.0,229.0,366.0,229.0
366.0,1.0,426.0,1.0,426.0,229.0,366.0,229.0
344.0,0.0,404.0,0.0,404.0,228.0,344.0,228.0
344.0,1.0,404.0,1.0,404.0,229.0,344.0,229.0
343.0,0.0,403.0,0.0,403.0,228.0,343.0,228.0
344.0,0.0,404.0,0.0,404.0,228.0,344.0,228.0
344.0,0.0,404.0,0.0,404.0,228.0,344.0,228.0
343.0,0.0,403.0,0.0,403.0,228.0,343.0,228.0
338.0,0.0,398.0,0.0,398.0,228.0,338.0,228.0
338.0,0.0,398.0,0.0,398.0,228.0,338.0,228.0
336.0,1.0,396.0,1.0,396.0,229.0,336.0,229.0
332.0,0.0,392.0,0.0,392.0,228.0,332.0,228.0
333.0,0.0,393.0,0.0,393.0,228.0,333.0,228.0
332.0,1.0,392.0,1.0,392.0,229.0,332.0,229.0
328.0,0.0,388.0,0.0,388.0,228.0,328.0,228.0
325.0,1.0,385.0,1.0,385.0,229.0,325.0,229.0
322.0,1.0,382.0,1.0,382.0,229.0,322.0,229.0
315.0,0.0,375.0,0.0,375.0,228.0,315.0,228.0
315.0,1.0,375.0,1.0,375.0,229.0,315.0,229.0
311.0,1.0,371.0,1.0,371.0,229.0,311.0,229.0
302.0,0.0,362.0,0.0,362.0,228.0,302.0,228.0
302.0,0.0,362.0,0.0,362.0,228.0,302.0,228.0
302.0,0.0,362.0,0.0,362.0,228.0,302.0,228.0
301.0,0.0,361.0,0.0,361.0,228.0,301.0,228.0
302.0,0.0,362.0,0.0,362.0,228.0,302.0,228.0
300.0,0.0,360.0,0.0,360.0,228.0,300.0,228.0
291.0,1.0,351.0,1.0,351.0,229.0,291.0,229.0
293.0,1.0,353.0,1.0,353.0,229.0,293.0,229.0
297.0,0.0,357.0,0.0,357.0,228.0,297.0,228.0
296.0,1.0,356.0,1.0,356.0,229.0,296.0,229.0
298.0,0.0,358.0,0.0,358.0,228.0,298.0,228.0
297.0,1.0,357.0,1.0,357.0,229.0,297.0,229.0
295.0,0.0,355.0,0.0,355.0,228.0,295.0,228.0
297.0,1.0,357.0,1.0,357.0,229.0,297.0,229.0
296.0,0.0,356.0,0.0,356.0,228.0,296.0,228.0
296.0,0.0,356.0,0.0,356.0,228.0,296.0,228.0
296.0,0.0,356.0,0.0,356.0,228.0,296.0,228.0
295.0,0.0,355.0,0.0,355.0,228.0,295.0,228.0
295.0,0.0,355.0,0.0,355.0,228.0,295.0,228.0
295.0,0.0,355.0,0.0,355.0,228.0,295.0,228.0
297.0,0.0,357.0,0.0,357.0,228.0,297.0,228.0
300.0,0.0,360.0,0.0,360.0,228.0,300.0,228.0
299.0,0.0,359.0,0.0,359.0,228.0,299.0,228.0
300.0,0.0,360.0,0.0,360.0,228.0,300.0,228.0
302.0,2.0,362.0,2.0,362.0,230.0,302.0,230.0
302.0,2.0,362.0,2.0,362.0,230.0,302.0,230.0
303.0,6.0,363.0,6.0,363.0,234.0,303.0,234.0
302.0,8.0,362.0,8.0,362.0,236.0,302.0,236.0
302.0,9.0,362.0,9.0,362.0,237.0,302.0,237.0
302.0,10.0,362.0,10.0,362.0,238.0,302.0,238.0
297.0,10.0,357.0,10.0,357.0,238.0,297.0,238.0
300.0,9.0,360.0,9.0,360.0,237.0,300.0,237.0
298.0,9.0,358.0,9.0,358.0,237.0,298.0,237.0
297.0,11.0,357.0,11.0,357.0,239.0,297.0,239.0
297.0,10.0,357.0,10.0,357.0,238.0,297.0,238.0
298.0,11.0,358.0,11.0,358.0,239.0,298.0,239.0
298.0,13.0,358.0,13.0,358.0,241.0,298.0,241.0
299.0,13.0,359.0,13.0,359.0,241.0,299.0,241.0
300.0,14.0,360.0,14.0,360.0,242.0,300.0,242.0
305.0,13.0,365.0,13.0,365.0,241.0,305.0,241.0
305.0,12.0,365.0,12.0,365.0,240.0,305.0,240.0
308.0,11.0,368.0,11.0,368.0,239.0,308.0,239.0
313.0,13.0,373.0,13.0,373.0,241.0,313.0,241.0
314.0,12.0,374.0,12.0,374.0,240.0,314.0,240.0
316.0,14.0,376.0,14.0,376.0,242.0,316.0,242.0
321.0,13.0,381.0,13.0,381.0,241.0,321.0,241.0
322.0,13.0,382.0,13.0,382.0,241.0,322.0,241.0
322.0,14.0,382.0,14.0,382.0,242.0,322.0,242.0
320.0,18.0,380.0,18.0,380.0,246.0,320.0,246.0
320.0,18.0,380.0,18.0,380.0,246.0,320.0,246.0
319.0,18.0,379.0,18.0,379.0,246.0,319.0,246.0
314.0,20.0,374.0,20.0,374.0,248.0,314.0,248.0
314.0,21.0,374.0,21.0,374.0,249.0,314.0,249.0
312.0,19.0,372.0,19.0,372.0,247.0,312.0,247.0
305.0,9.0,365.0,9.0,365.0,237.0,305.0,237.0
305.0,11.0,365.0,11.0,365.0,239.0,305.0,239.0
303.0,8.0,363.0,8.0,363.0,236.0,303.0,236.0
300.0,8.0,360.0,8.0,360.0,236.0,300.0,236.0
301.0,10.0,361.0,10.0,361.0,238.0,301.0,238.0
299.0,11.0,359.0,11.0,359.0,239.0,299.0,239.0
302.0,0.0,362.0,0.0,362.0,228.0,302.0,228.0
303.0,0.0,363.0,0.0,363.0,228.0,303.0,228.0
299.0,0.0,359.0,0.0,359.0,228.0,299.0,228.0
302.0,2.0,362.0,2.0,362.0,230.0,302.0,230.0
303.0,1.0,363.0,1.0,363.0,229.0,303.0,229.0
303.0,1.0,363.0,1.0,363.0,229.0,303.0,229.0
300.0,0.0,360.0,0.0,360.0,228.0,300.0,228.0
300.0,1.0,360.0,1.0,360.0,229.0,300.0,229.0
287.0,0.0,347.0,0.0,347.0,228.0,287.0,228.0
272.0,1.0,332.0,1.0,332.0,229.0,272.0,229.0
287.0,2.0,347.0,2.0,347.0,230.0,287.0,230.0
285.0,4.0,345.0,4.0,345.0,232.0,285.0,232.0
288.0,0.0,348.0,0.0,348.0,228.0,288.0,228.0
288.0,0.0,348.0,0.0,348.0,228.0,288.0,228.0
288.0,0.0,348.0,0.0,348.0,228.0,288.0,228.0
277.0,4.0,337.0,4.0,337.0,232.0,277.0,232.0
282.0,4.0,342.0,4.0,342.0,232.0,282.0,232.0
303.0,2.0,363.0,2.0,363.0,230.0,303.0,230.0
309.0,3.0,369.0,3.0,369.0,231.0,309.0,231.0
307.0,4.0,367.0,4.0,367.0,232.0,307.0,232.0
310.0,6.0,370.0,6.0,370.0,234.0,310.0,234.0
308.0,4.0,368.0,4.0,368.0,232.0,308.0,232.0
308.0,4.0,368.0,4.0,368.0,232.0,308.0,232.0
309.0,4.0,369.0,4.0,369.0,232.0,309.0,232.0
319.0,3.0,379.0,3.0,379.0,231.0,319.0,231.0
319.0,5.0,379.0,5.0,379.0,233.0,319.0,233.0
321.0,5.0,381.0,5.0,381.0,233.0,321.0,233.0
321.0,10.0,381.0,10.0,381.0,238.0,321.0,238.0
322.0,10.0,382.0,10.0,382.0,238.0,322.0,238.0
322.0,13.0,382.0,13.0,382.0,241.0,322.0,241.0
320.0,13.0,380.0,13.0,380.0,241.0,320.0,241.0
320.0,15.0,380.0,15.0,380.0,243.0,320.0,243.0
321.0,16.0,381.0,16.0,381.0,244.0,321.0,244.0
324.0,16.0,384.0,16.0,384.0,244.0,324.0,244.0
324.0,17.0,384.0,17.0,384.0,245.0,324.0,245.0
325.0,20.0,385.0,20.0,385.0,248.0,325.0,248.0
329.0,18.0,389.0,18.0,389.0,246.0,329.0,246.0
327.0,17.0,387.0,17.0,387.0,245.0,327.0,245.0
329.0,18.0,389.0,18.0,389.0,246.0,329.0,246.0
333.0,19.0,393.0,19.0,393.0,247.0,333.0,247.0
331.0,19.0,391.0,19.0,391.0,247.0,331.0,247.0
333.0,20.0,393.0,20.0,393.0,248.0,333.0,248.0
337.0,21.0,397.0,21.0,397.0,249.0,337.0,249.0
336.0,21.0,396.0,21.0,396.0,249.0,336.0,249.0
337.0,22.0,397.0,22.0,397.0,250.0,337.0,250.0
339.0,24.0,399.0,24.0,399.0,252.0,339.0,252.0
339.0,24.0,399.0,24.0,399.0,252.0,339.0,252.0
339.0,25.0,399.0,25.0,399.0,253.0,339.0,253.0
339.0,28.0,399.0,28.0,399.0,256.0,339.0,256.0
338.0,28.0,398.0,28.0,398.0,256.0,338.0,256.0
336.0,27.0,396.0,27.0,396.0,255.0,336.0,255.0
330.0,26.0,390.0,26.0,390.0,254.0,330.0,254.0
330.0,26.0,390.0,26.0,390.0,254.0,330.0,254.0
326.0,27.0,386.0,27.0,386.0,255.0,326.0,255.0
322.0,22.0,382.0,22.0,382.0,250.0,322.0,250.0
322.0,23.0,382.0,23.0,382.0,251.0,322.0,251.0
321.0,24.0,381.0,24.0,381.0,252.0,321.0,252.0
321.0,25.0,381.0,25.0,381.0,253.0,321.0,253.0
320.0,25.0,380.0,25.0,380.0,253.0,320.0,253.0
322.0,24.0,382.0,24.0,382.0,252.0,322.0,252.0
321.0,17.0,381.0,17.0,381.0,245.0,321.0,245.0
321.0,21.0,381.0,21.0,381.0,249.0,321.0,249.0
319.0,18.0,379.0,18.0,379.0,246.0,319.0,246.0
313.0,19.0,373.0,19.0,373.0,247.0,313.0,247.0
311.0,20.0,371.0,20.0,371.0,248.0,311.0,248.0
313.0,22.0,373.0,22.0,373.0,250.0,313.0,250.0
301.0,21.0,361.0,21.0,361.0,249.0,301.0,249.0
300.0,19.0,360.0,19.0,360.0,247.0,300.0,247.0
299.0,21.0,359.0,21.0,359.0,249.0,299.0,249.0
297.0,26.0,357.0,26.0,357.0,254.0,297.0,254.0
297.0,23.0,357.0,23.0,357.0,251.0,297.0,251.0
291.0,29.0,351.0,29.0,351.0,257.0,291.0,257.0
287.0,32.0,347.0,32.0,347.0,260.0,287.0,260.0
288.0,30.0,348.0,30.0,348.0,258.0,288.0,258.0
289.0,31.0,349.0,31.0,349.0,259.0,289.0,259.0
289.0,27.0,349.0,27.0,349.0,255.0,289.0,255.0
290.0,28.0,350.0,28.0,350.0,256.0,290.0,256.0
289.0,28.0,349.0,28.0,349.0,256.0,289.0,256.0
289.0,27.0,349.0,27.0,349.0,255.0,289.0,255.0
289.0,27.0,349.0,27.0,349.0,255.0,289.0,255.0
291.0,29.0,351.0,29.0,351.0,257.0,291.0,257.0
303.0,33.0,363.0,33.0,363.0,261.0,303.0,261.0
304.0,33.0,364.0,33.0,364.0,261.0,304.0,261.0
304.0,31.0,364.0,31.0,364.0,259.0,304.0,259.0
303.0,32.0,363.0,32.0,363.0,260.0,303.0,260.0
304.0,33.0,364.0,33.0,364.0,261.0,304.0,261.0
304.0,28.0,364.0,28.0,364.0,256.0,304.0,256.0
302.0,26.0,362.0,26.0,362.0,254.0,302.0,254.0
302.0,27.0,362.0,27.0,362.0,255.0,302.0,255.0
304.0,27.0,364.0,27.0,364.0,255.0,304.0,255.0
311.0,26.0,371.0,26.0,371.0,254.0,311.0,254.0
311.0,27.0,371.0,27.0,371.0,255.0,311.0,255.0
316.0,27.0,376.0,27.0,376.0,255.0,316.0,255.0
326.0,37.0,386.0,37.0,386.0,265.0,326.0,265.0
326.0,37.0,386.0,37.0,386.0,265.0,326.0,265.0
324.0,38.0,384.0,38.0,384.0,266.0,324.0,266.0
330.0,39.0,390.0,39.0,390.0,267.0,330.0,267.0
331.0,37.0,391.0,37.0,391.0,265.0,331.0,265.0
320.0,40.0,380.0,40.0,380.0,268.0,320.0,268.0
325.0,41.0,385.0,41.0,385.0,269.0,325.0,269.0
347.0,41.0,407.0,41.0,407.0,269.0,347.0,269.0
354.0,39.0,414.0,39.0,414.0,267.0,354.0,267.0
366.0,40.0,426.0,40.0,426.0,268.0,366.0,268.0
369.0,40.0,429.0,40.0,429.0,268.0,369.0,268.0
373.0,41.0,433.0,41.0,433.0,269.0,373.0,269.0
385.0,42.0,445.0,42.0,445.0,270.0,385.0,270.0
387.0,42.0,447.0,42.0,447.0,270.0,387.0,270.0
393.0,43.0,453.0,43.0,453.0,271.0,393.0,271.0
409.0,43.0,469.0,43.0,469.0,271.0,409.0,271.0
407.0,43.0,467.0,43.0,467.0,271.0,407.0,271.0
415.0,44.0,475.0,44.0,475.0,272.0,415.0,272.0
434.0,44.0,494.0,44.0,494.0,272.0,434.0,272.0
435.0,45.0,495.0,45.0,495.0,273.0,435.0,273.0
444.0,45.0,504.0,45.0,504.0,273.0,444.0,273.0
463.0,46.0,523.0,46.0,523.0,274.0,463.0,274.0
462.0,46.0,522.0,46.0,522.0,274.0,462.0,274.0
473.0,46.0,533.0,46.0,533.0,274.0,473.0,274.0
490.0,47.0,550.0,47.0,550.0,275.0,490.0,275.0
491.0,47.0,551.0,47.0,551.0,275.0,491.0,275.0
499.0,47.0,559.0,47.0,559.0,275.0,499.0,275.0
514.0,48.0,574.0,48.0,574.0,276.0,514.0,276.0
514.0,48.0,574.0,48.0,574.0,276.0,514.0,276.0
520.0,48.0,580.0,48.0,580.0,276.0,520.0,276.0
530.0,49.0,590.0,49.0,590.0,277.0,530.0,277.0
530.0,49.0,590.0,49.0,590.0,277.0,530.0,277.0
534.0,50.0,594.0,50.0,594.0,278.0,534.0,278.0
538.0,51.0,598.0,51.0,598.0,279.0,538.0,279.0
537.0,51.0,597.0,51.0,597.0,279.0,537.0,279.0
539.0,52.0,599.0,52.0,599.0,280.0,539.0,280.0
540.0,53.0,600.0,53.0,600.0,281.0,540.0,281.0
541.0,53.0,601.0,53.0,601.0,281.0,541.0,281.0
541.0,54.0,601.0,54.0,601.0,282.0,541.0,282.0
542.0,55.0,602.0,55.0,602.0,283.0,542.0,283.0
542.0,55.0,602.0,55.0,602.0,283.0,542.0,283.0
542.0,56.0,602.0,56.0,602.0,284.0,542.0,284.0
540.0,56.0,600.0,56.0,600.0,284.0,540.0,284.0
540.0,56.0,600.0,56.0,600.0,284.0,540.0,284.0
539.0,56.0,599.0,56.0,599.0,284.0,539.0,284.0
538.0,57.0,598.0,57.0,598.0,285.0,538.0,285.0
538.0,57.0,598.0,57.0,598.0,285.0,538.0,285.0
538.0,57.0,598.0,57.0,598.0,285.0,538.0,285.0
540.0,58.0,600.0,58.0,600.0,286.0,540.0,286.0
540.0,58.0,600.0,58.0,600.0,286.0,540.0,286.0
541.0,59.0,601.0,59.0,601.0,287.0,541.0,287.0
545.0,60.0,605.0,60.0,605.0,288.0,545.0,288.0
545.0,60.0,605.0,60.0,605.0,288.0,545.0,288.0
547.0,62.0,607.0,62.0,607.0,290.0,547.0,290.0
553.0,63.0,613.0,63.0,613.0,291.0,553.0,291.0
553.0,63.0,613.0,63.0,613.0,291.0,553.0,291.0
556.0,64.0,616.0,64.0,616.0,292.0,556.0,292.0
562.0,67.0,622.0,67.0,622.0,295.0,562.0,295.0
562.0,67.0,622.0,67.0,622.0,295.0,562.0,295.0
565.0,68.0,625.0,68.0,625.0,296.0,565.0,296.0
571.0,70.0,631.0,70.0,631.0,298.0,571.0,298.0
572.0,71.0,632.0,71.0,632.0,299.0,572.0,299.0
575.0,71.0,635.0,71.0,635.0,299.0,575.0,299.0
579.0,74.0,639.0,74.0,639.0,302.0,579.0,302.0
579.0,74.0,639.0,74.0,639.0,302.0,579.0,302.0
579.0,76.0,639.0,76.0,639.0,304.0,579.0,304.0
579.0,79.0,639.0,79.0,639.0,307.0,579.0,307.0
579.0,79.0,639.0,79.0,639.0,307.0,579.0,307.0
579.0,81.0,639.0,81.0,639.0,309.0,579.0,309.0
578.0,82.0,638.0,82.0,638.0,310.0,578.0,310.0
579.0,83.0,639.0,83.0,639.0,311.0,579.0,311.0
577.0,84.0,637.0,84.0,637.0,312.0,577.0,312.0
579.0,83.0,639.0,83.0,639.0,311.0,579.0,311.0
556.0,92.0,616.0,92.0,616.0,320.0,556.0,320.0
554.0,91.0,614.0,91.0,614.0,319.0,554.0,319.0
565.0,92.0,625.0,92.0,625.0,320.0,565.0,320.0
579.0,95.0,639.0,95.0,639.0,323.0,579.0,323.0
579.0,95.0,639.0,95.0,639.0,323.0,579.0,323.0
560.0,93.0,620.0,93.0,620.0,321.0,560.0,321.0
564.0,98.0,624.0,98.0,624.0,326.0,564.0,326.0
565.0,98.0,625.0,98.0,625.0,326.0,565.0,326.0
575.0,99.0,635.0,99.0,635.0,327.0,575.0,327.0
576.0,101.0,636.0,101.0,636.0,329.0,576.0,329.0
577.0,102.0,637.0,102.0,637.0,330.0,577.0,330.0
579.0,103.0,639.0,103.0,639.0,331.0,579.0,331.0
579.0,98.0,639.0,98.0,639.0,326.0,579.0,326.0
579.0,100.0,639.0,100.0,639.0,328.0,579.0,328.0
579.0,104.0,639.0,104.0,639.0,332.0,579.0,332.0
555.0,105.0,615.0,105.0,615.0,333.0,555.0,333.0
554.0,105.0,614.0,105.0,614.0,333.0,554.0,333.0
562.0,106.0,622.0,106.0,622.0,334.0,562.0,334.0
578.0,109.0,638.0,109.0,638.0,337.0,578.0,337.0
579.0,110.0,639.0,110.0,639.0,338.0,579.0,338.0
572.0,108.0,632.0,108.0,632.0,336.0,572.0,336.0
548.0,108.0,608.0,108.0,608.0,336.0,548.0,336.0
548.0,110.0,608.0,110.0,608.0,338.0,548.0,338.0
562.0,109.0,622.0,109.0,622.0,337.0,562.0,337.0
550.0,108.0,610.0,108.0,610.0,336.0,550.0,336.0
550.0,115.0,610.0,115.0,610.0,343.0,550.0,343.0
565.0,118.0,625.0,118.0,625.0,346.0,565.0,346.0
552.0,116.0,612.0,116.0,612.0,344.0,552.0,344.0
554.0,116.0,614.0,116.0,614.0,344.0,554.0,344.0
570.0,116.0,630.0,116.0,630.0,344.0,570.0,344.0
547.0,116.0,607.0,116.0,607.0,344.0,547.0,344.0
547.0,115.0,607.0,115.0,607.0,343.0,547.0,343.0
562.0,116.0,622.0,116.0,622.0,344.0,562.0,344.0
569.0,116.0,629.0,116.0,629.0,344.0,569.0,344.0
569.0,116.0,629.0,116.0,629.0,344.0,569.0,344.0
578.0,118.0,638.0,118.0,638.0,346.0,578.0,346.0
576.0,115.0,636.0,115.0,636.0,343.0,576.0,343.0
577.0,115.0,637.0,115.0,637.0,343.0,577.0,343.0
579.0,123.0,639.0,123.0,639.0,351.0,579.0,351.0
555.0,120.0,615.0,120.0,615.0,348.0,555.0,348.0
555.0,120.0,615.0,120.0,615.0,348.0,555.0,348.0
571.0,121.0,631.0,121.0,631.0,349.0,571.0,349.0
547.0,118.0,607.0,118.0,607.0,346.0,547.0,346.0
539.0,119.0,599.0,119.0,599.0,347.0,539.0,347.0
554.0,120.0,614.0,120.0,614.0,348.0,554.0,348.0
578.0,123.0,638.0,123.0,638.0,351.0,578.0,351.0
579.0,122.0,639.0,122.0,639.0,350.0,579.0,350.0
555.0,123.0,615.0,123.0,615.0,351.0,555.0,351.0
538.0,123.0,598.0,123.0,598.0,351.0,538.0,351.0
536.0,123.0,596.0,123.0,596.0,351.0,536.0,351.0
548.0,123.0,608.0,123.0,608.0,351.0,548.0,351.0
570.0,123.0,630.0,123.0,630.0,351.0,570.0,351.0
578.0,123.0,638.0,123.0,638.0,351.0,578.0,351.0
554.0,123.0,614.0,123.0,614.0,351.0,554.0,351.0
567.0,122.0,627.0,122.0,627.0,350.0,567.0,350.0
566.0,123.0,626.0,123.0,626.0,351.0,566.0,351.0
578.0,121.0,638.0,121.0,638.0,349.0,578.0,349.0
566.0,123.0,626.0,123.0,626.0,351.0,566.0,351.0
564.0,121.0,624.0,121.0,624.0,349.0,564.0,349.0
578.0,121.0,638.0,121.0,638.0,349.0,578.0,349.0
575.0,120.0,635.0,120.0,635.0,348.0,575.0,348.0
578.0,119.0,638.0,119.0,638.0,347.0,578.0,347.0
574.0,121.0,634.0,121.0,634.0,349.0,574.0,349.0
551.0,123.0,611.0,123.0,611.0,351.0,551.0,351.0
568.0,119.0,628.0,119.0,628.0,347.0,568.0,347.0
564.0,123.0,624.0,123.0,624.0,351.0,564.0,351.0
579.0,123.0,639.0,123.0,639.0,351.0,579.0,351.0
579.0,122.0,639.0,122.0,639.0,350.0,579.0,350.0
577.0,123.0,637.0,123.0,637.0,351.0,577.0,351.0
573.0,123.0,633.0,123.0,633.0,351.0,573.0,351.0
571.0,123.0,631.0,123.0,631.0,351.0,571.0,351.0
579.0,122.0,639.0,122.0,639.0,350.0,579.0,350.0
579.0,109.0,639.0,109.0,639.0,337.0,579.0,337.0
579.0,110.0,639.0,110.0,639.0,338.0,579.0,338.0
579.0,120.0,639.0,120.0,639.0,348.0,579.0,348.0
559.0,119.0,619.0,119.0,619.0,347.0,559.0,347.0
559.0,120.0,619.0,120.0,619.0,348.0,559.0,348.0
573.0,122.0,633.0,122.0,633.0,350.0,573.0,350.0
567.0,123.0,627.0,123.0,627.0,351.0,567.0,351.0
566.0,123.0,626.0,123.0,626.0,351.0,566.0,351.0
579.0,123.0,639.0,123.0,639.0,351.0,579.0,351.0
555.0,121.0,615.0,121.0,615.0,349.0,555.0,349.0
571.0,123.0,631.0,123.0,631.0,351.0,571.0,351.0
557.0,123.0,617.0,123.0,617.0,351.0,557.0,351.0
555.0,123.0,615.0,123.0,615.0,351.0,555.0,351.0
569.0,123.0,629.0,123.0,629.0,351.0,569.0,351.0
551.0,123.0,611.0,123.0,611.0,351.0,551.0,351.0
553.0,123.0,613.0,123.0,613.0,351.0,553.0,351.0
563.0,123.0,623.0,123.0,623.0,351.0,563.0,351.0
579.0,123.0,639.0,123.0,639.0,351.0,579.0,351.0
579.0,123.0,639.0,123.0,639.0,351.0,579.0,351.0
579.0,122.0,639.0,122.0,639.0,350.0,579.0,350.0
557.0,123.0,617.0,123.0,617.0,351.0,557.0,351.0
555.0,123.0,615.0,123.0,615.0,351.0,555.0,351.0
568.0,123.0,628.0,123.0,628.0,351.0,568.0,351.0
564.0,122.0,624.0,122.0,624.0,350.0,564.0,350.0
564.0,122.0,624.0,122.0,624.0,350.0,564.0,350.0
576.0,123.0,636.0,123.0,636.0,351.0,576.0,351.0
552.0,121.0,612.0,121.0,612.0,349.0,552.0,349.0
551.0,123.0,611.0,123.0,611.0,351.0,551.0,351.0
568.0,122.0,628.0,122.0,628.0,350.0,568.0,350.0
567.0,123.0,627.0,123.0,627.0,351.0,567.0,351.0
570.0,123.0,630.0,123.0,630.0,351.0,570.0,351.0
579.0,123.0,639.0,123.0,639.0,351.0,579.0,351.0
556.0,123.0,616.0,123.0,616.0,351.0,556.0,351.0
553.0,122.0,613.0,122.0,613.0,350.0,553.0,350.0
568.0,123.0,628.0,123.0,628.0,351.0,568.0,351.0
579.0,123.0,639.0,123.0,639.0,351.0,579.0,351.0
578.0,123.0,638.0,123.0,638.0,351.0,578.0,351.0
579.0,123.0,639.0,123.0,639.0,351.0,579.0,351.0
555.0,123.0,615.0,123.0,615.0,351.0,555.0,351.0
554.0,123.0,614.0,123.0,614.0,351.0,554.0,351.0
567.0,123.0,627.0,123.0,627.0,351.0,567.0,351.0
544.0,123.0,604.0,123.0,604.0,351.0,544.0,351.0
544.0,123.0,604.0,123.0,604.0,351.0,544.0,351.0
544.0,123.0,604.0,123.0,604.0,351.0,544.0,351.0
566.0,123.0,626.0,123.0,626.0,351.0,566.0,351.0
566.0,123.0,626.0,123.0,626.0,351.0,566.0,351.0
576.0,123.0,636.0,123.0,636.0,351.0,576.0,351.0
573.0,123.0,633.0,123.0,633.0,351.0,573.0,351.0
574.0,123.0,634.0,123.0,634.0,351.0,574.0,351.0
573.0,123.0,633.0,123.0,633.0,351.0,573.0,351.0
566.0,123.0,626.0,123.0,626.0,351.0,566.0,351.0
567.0,123.0,627.0,123.0,627.0,351.0,567.0,351.0
579.0,123.0,639.0,123.0,639.0,351.0,579.0,351.0
575.0,122.0,635.0,122.0,635.0,350.0,575.0,350.0
576.0,123.0,636.0,123.0,636.0,351.0,576.0,351.0
579.0,122.0,639.0,122.0,639.0,350.0,579.0,350.0
569.0,122.0,629.0,122.0,629.0,350.0,569.0,350.0
569.0,122.0,629.0,122.0,629.0,350.0,569.0,350.0
579.0,122.0,639.0,122.0,639.0,350.0,579.0,350.0
555.0,123.0,615.0,123.0,615.0,351.0,555.0,351.0
553.0,122.0,613.0,122.0,613.0,350.0,553.0,350.0
567.0,122.0,627.0,122.0,627.0,350.0,567.0,350.0
547.0,123.0,607.0,123.0,607.0,351.0,547.0,351.0
548.0,123.0,608.0,123.0,608.0,351.0,548.0,351.0
562.0,123.0,622.0,123.0,622.0,351.0,562.0,351.0
569.0,121.0,629.0,121.0,629.0,349.0,569.0,349.0
570.0,123.0,630.0,123.0,630.0,351.0,570.0,351.0
579.0,123.0,639.0,123.0,639.0,351.0,579.0,351.0
574.0,121.0,634.0,121.0,634.0,349.0,574.0,349.0
577.0,121.0,637.0,121.0,637.0,349.0,577.0,349.0
579.0,122.0,639.0,122.0,639.0,350.0,579.0,350.0
555.0,121.0,615.0,121.0,615.0,349.0,555.0,349.0
555.0,123.0,615.0,123.0,615.0,351.0,555.0,351.0
548.0,121.0,608.0,121.0,608.0,349.0,548.0,349.0
566.0,122.0,626.0,122.0,626.0,350.0,566.0,350.0
566.0,123.0,626.0,123.0,626.0,351.0,566.0,351.0
578.0,123.0,638.0,123.0,638.0,351.0,578.0,351.0
567.0,123.0,627.0,123.0,627.0,351.0,567.0,351.0
577.0,123.0,637.0,123.0,637.0,351.0,577.0,351.0
579.0,123.0,639.0,123.0,639.0,351.0,579.0,351.0
566.0,120.0,626.0,120.0,626.0,348.0,566.0,348.0
579.0,123.0,639.0,123.0,639.0,351.0,579.0,351.0
577.0,123.0,637.0,123.0,637.0,351.0,577.0,351.0
579.0,123.0,639.0,123.0,639.0,351.0,579.0,351.0
579.0,123.0,639.0,123.0,639.0,351.0,579.0,351.0
579.0,123.0,639.0,123.0,639.0,351.0,579.0,351.0
555.0,121.0,615.0,121.0,615.0,349.0,555.0,349.0
556.0,123.0,616.0,123.0,616.0,351.0,556.0,351.0
570.0,122.0,630.0,122.0,630.0,350.0,570.0,350.0
550.0,119.0,610.0,119.0,610.0,347.0,550.0,347.0
550.0,120.0,610.0,120.0,610.0,348.0,550.0,348.0
562.0,120.0,622.0,120.0,622.0,348.0,562.0,348.0
539.0,123.0,599.0,123.0,599.0,351.0,539.0,351.0
554.0,123.0,614.0,123.0,614.0,351.0,554.0,351.0
567.0,123.0,627.0,123.0,627.0,351.0,567.0,351.0
579.0,122.0,639.0,122.0,639.0,350.0,579.0,350.0
579.0,122.0,639.0,122.0,639.0,350.0,579.0,350.0
579.0,121.0,639.0,121.0,639.0,349.0,579.0,349.0
578.0,123.0,638.0,123.0,638.0,351.0,578.0,351.0
579.0,120.0,639.0,120.0,639.0,348.0,579.0,348.0
560.0,119.0,620.0,119.0,620.0,347.0,560.0,347.0
537.0,110.0,597.0,110.0,597.0,338.0,537.0,338.0
535.0,111.0,595.0,111.0,595.0,339.0,535.0,339.0
546.0,111.0,606.0,111.0,606.0,339.0,546.0,339.0
566.0,111.0,626.0,111.0,626.0,339.0,566.0,339.0
568.0,110.0,628.0,110.0,628.0,338.0,568.0,338.0
570.0,113.0,630.0,113.0,630.0,341.0,570.0,341.0
548.0,102.0,608.0,102.0,608.0,330.0,548.0,330.0
566.0,112.0,626.0,112.0,626.0,340.0,566.0,340.0
579.0,112.0,639.0,112.0,639.0,340.0,579.0,340.0
568.0,110.0,628.0,110.0,628.0,338.0,568.0,338.0
567.0,110.0,627.0,110.0,627.0,338.0,567.0,338.0
