179.2,347.97,225.26,343.23,236.85,455.91,190.79,460.65
185.0,350.0,232.0,350.0,232.0,463.0,185.0,463.0
193.0,352.0,240.0,352.0,240.0,465.0,193.0,465.0
197.0,354.0,244.0,354.0,244.0,467.0,197.0,467.0
210.0,356.0,257.0,356.0,257.0,469.0,210.0,469.0
221.0,359.0,268.0,359.0,268.0,472.0,221.0,472.0
232.0,361.0,279.0,361.0,279.0,474.0,232.0,474.0
244.0,364.0,291.0,364.0,291.0,477.0,244.0,477.0
256.0,366.0,303.0,366.0,303.0,479.0,256.0,479.0
268.0,367.0,315.0,367.0,315.0,480.0,268.0,480.0
280.0,363.0,327.0,363.0,327.0,476.0,280.0,476.0
294.0,365.0,341.0,365.0,341.0,478.0,294.0,478.0
307.0,367.0,354.0,367.0,354.0,480.0,307.0,480.0
320.0,367.0,367.0,367.0,367.0,480.0,320.0,480.0
336.0,370.0,383.0,370.0,383.0,483.0,336.0,483.0
351.0,372.0,398.0,372.0,398.0,485.0,351.0,485.0
372.0,374.0,419.0,374.0,419.0,487.0,372.0,487.0
389.0,376.0,436.0,376.0,436.0,489.0,389.0,489.0
408.0,383.0,455.0,383.0,455.0,496.0,408.0,496.0
421.0,385.0,468.0,385.0,468.0,498.0,421.0,498.0
425.0,383.0,472.0,383.0,472.0,496.0,425.0,496.0
432.0,376.0,479.0,376.0,479.0,489.0,432.0,489.0
456.0,379.0,503.0,379.0,503.0,492.0,456.0,492.0
460.0,381.0,507.0,381.0,507.0,494.0,460.0,494.0
464.0,382.0,511.0,382.0,511.0,495.0,464.0,495.0
453.0,382.0,500.0,382.0,500.0,495.0,453.0,495.0
436.0,379.0,483.0,379.0,483.0,492.0,436.0,492.0
417.0,381.0,464.0,381.0,464.0,494.0,417.0,494.0
441.0,386.0,488.0,386.0,488.0,499.0,441.0,499.0
444.0,388.0,491.0,388.0,491.0,501.0,444.0,501.0
420.0,391.0,467.0,391.0,467.0,504.0,420.0,504.0
440.0,398.0,487.0,398.0,487.0,511.0,440.0,511.0
444.0,404.0,491.0,404.0,491.0,517.0,444.0,517.0
467.0,412.0,514.0,412.0,514.0,525.0,467.0,525.0
480.0,407.0,527.0,407.0,527.0,520.0,480.0,520.0
463.0,410.0,510.0,410.0,510.0,523.0,463.0,523.0
461.0,414.0,508.0,414.0,508.0,527.0,461.0,527.0
447.0,423.0,494.0,423.0,494.0,536.0,447.0,536.0
449.0,433.0,496.0,433.0,496.0,546.0,449.0,546.0
428.0,441.0,475.0,441.0,475.0,554.0,428.0,554.0
409.0,447.0,456.0,447.0,456.0,560.0,409.0,560.0
391.0,458.0,438.0,458.0,438.0,571.0,391.0,571.0
405.0,471.0,452.0,471.0,452.0,584.0,405.0,584.0
415.0,490.0,462.0,490.0,462.0,603.0,415.0,603.0
410.0,506.0,457.0,506.0,457.0,619.0,410.0,619.0
426.0,524.0,473.0,524.0,473.0,637.0,426.0,637.0
440.0,543.0,487.0,543.0,487.0,656.0,440.0,656.0
449.0,554.0,496.0,554.0,496.0,667.0,449.0,667.0
455.0,578.0,502.0,578.0,502.0,691.0,455.0,691.0
449.0,593.0,496.0,593.0,496.0,706.0,449.0,706.0
454.0,606.0,501.0,606.0,501.0,719.0,454.0,719.0
473.0,594.0,520.0,594.0,520.0,707.0,473.0,707.0
451.0,599.0,498.0,599.0,498.0,712.0,451.0,712.0
428.0,606.0,475.0,606.0,475.0,719.0,428.0,719.0
404.0,606.0,451.0,606.0,451.0,719.0,404.0,719.0
380.0,606.0,427.0,606.0,427.0,719.0,380.0,719.0
356.0,600.0,403.0,600.0,403.0,713.0,356.0,713.0
333.0,592.0,380.0,592.0,380.0,705.0,333.0,705.0
311.0,586.0,358.0,586.0,358.0,699.0,311.0,699.0
294.0,575.0,341.0,575.0,341.0,688.0,294.0,688.0
278.0,568.0,325.0,568.0,325.0,681.0,278.0,681.0
259.0,563.0,306.0,563.0,306.0,676.0,259.0,676.0
242.0,554.0,289.0,554.0,289.0,667.0,242.0,667.0
227.0,545.0,274.0,545.0,274.0,658.0,227.0,658.0
215.0,538.0,262.0,538.0,262.0,651.0,215.0,651.0
202.0,529.0,249.0,529.0,249.0,642.0,202.0,642.0
188.0,520.0,235.0,520.0,235.0,633.0,188.0,633.0
178.0,512.0,225.0,512.0,225.0,625.0,178.0,625.0
166.0,504.0,213.0,504.0,213.0,617.0,166.0,617.0
156.0,497.0,203.0,497.0,203.0,610.0,156.0,610.0
147.0,490.0,194.0,490.0,194.0,603.0,147.0,603.0
137.0,483.0,184.0,483.0,184.0,596.0,137.0,596.0
128.0,477.0,175.0,477.0,175.0,590.0,128.0,590.0
124.0,472.0,171.0,472.0,171.0,585.0,124.0,585.0
118.0,467.0,165.0,467.0,165.0,580.0,118.0,580.0
112.0,462.0,159.0,462.0,159.0,575.0,112.0,575.0
103.0,464.0,150.0,464.0,150.0,577.0,103.0,577.0
98.0,462.0,145.0,462.0,145.0,575.0,98.0,575.0
97.0,457.0,144.0,457.0,144.0,570.0,97.0,570.0
94.0,462.0,141.0,462.0,141.0,575.0,94.0,575.0
91.0,462.0,138.0,462.0,138.0,575.0,91.0,575.0
91.0,462.0,138.0,462.0,138.0,575.0,91.0,575.0
88.0,462.0,135.0,462.0,135.0,575.0,88.0,575.0
88.0,459.0,135.0,459.0,135.0,572.0,88.0,572.0
83.0,461.0,130.0,461.0,130.0,574.0,83.0,574.0
81.0,461.0,128.0,461.0,128.0,574.0,81.0,574.0
80.0,460.0,127.0,460.0,127.0,573.0,80.0,573.0
81.0,460.0,128.0,460.0,128.0,573.0,81.0,573.0
81.0,460.0,128.0,460.0,128.0,573.0,81.0,573.0
81.0,458.0,128.0,458.0,128.0,571.0,81.0,571.0
81.0,458.0,128.0,458.0,128.0,571.0,81.0,571.0
80.0,457.0,127.0,457.0,127.0,570.0,80.0,570.0
79.0,457.0,126.0,457.0,126.0,570.0,79.0,570.0
80.0,456.0,127.0,456.0,127.0,569.0,80.0,569.0
79.0,455.0,126.0,455.0,126.0,568.0,79.0,568.0
78.0,455.0,125.0,455.0,125.0,568.0,78.0,568.0
78.0,454.0,125.0,454.0,125.0,567.0,78.0,567.0
77.0,454.0,124.0,454.0,124.0,567.0,77.0,567.0
76.0,455.0,123.0,455.0,123.0,568.0,76.0,568.0
78.0,456.0,125.0,456.0,125.0,569.0,78.0,569.0
79.0,456.0,126.0,456.0,126.0,569.0,79.0,569.0
79.0,457.0,126.0,457.0,126.0,570.0,79.0,570.0
81.0,458.0,128.0,458.0,128.0,571.0,81.0,571.0
85.0,459.0,132.0,459.0,132.0,572.0,85.0,572.0
86.0,460.0,133.0,460.0,133.0,573.0,86.0,573.0
86.0,461.0,133.0,461.0,133.0,574.0,86.0,574.0
88.0,463.0,135.0,463.0,135.0,576.0,88.0,576.0
87.0,464.0,134.0,464.0,134.0,577.0,87.0,577.0
88.0,465.0,135.0,465.0,135.0,578.0,88.0,578.0
88.0,465.0,135.0,465.0,135.0,578.0,88.0,578.0
88.0,465.0,135.0,465.0,135.0,578.0,88.0,578.0
87.0,465.0,134.0,465.0,134.0,578.0,87.0,578.0
85.0,466.0,132.0,466.0,132.0,579.0,85.0,579.0
82.0,465.0,129.0,465.0,129.0,578.0,82.0,578.0
81.0,466.0,128.0,466.0,128.0,579.0,81.0,579.0
80.0,464.0,127.0,464.0,127.0,577.0,80.0,577.0
78.0,463.0,125.0,463.0,125.0,576.0,78.0,576.0
78.0,463.0,125.0,463.0,125.0,576.0,78.0,576.0
